852.0 777.0 1353.0 680.0 1535.0 1620.0 1028.0 1717.0 soccer-ball-field 0
2316.0 292.0 2299.0 292.0 2300.0 254.0 2318.0 255.0 small-vehicle 0
2471.0 260.0 2451.0 261.0 2451.0 224.0 2470.0 224.0 small-vehicle 0
2520.0 267.0 2498.0 266.0 2499.0 217.0 2520.0 219.0 small-vehicle 0
2485.0 340.0 2466.0 334.0 2480.0 294.0 2498.0 300.0 small-vehicle 0
2414.0 319.0 2397.0 313.0 2409.0 274.0 2426.0 279.0 small-vehicle 0
2432.0 280.0 2454.0 286.0 2440.0 330.0 2419.0 324.0 small-vehicle 0
2345.0 298.0 2324.0 297.0 2325.0 251.0 2344.0 252.0 small-vehicle 0
2277.0 255.0 2294.0 257.0 2290.0 301.0 2274.0 300.0 small-vehicle 0
2431.0 143.0 2411.0 143.0 2413.0 97.0 2431.0 97.0 small-vehicle 0
2254.0 255.0 2273.0 255.0 2271.0 297.0 2253.0 297.0 small-vehicle 0
2201.0 250.0 2221.0 252.0 2219.0 290.0 2200.0 289.0 small-vehicle 0
2272.0 250.0 2253.0 250.0 2253.0 210.0 2271.0 209.0 small-vehicle 0
2231.0 203.0 2250.0 205.0 2247.0 250.0 2227.0 249.0 small-vehicle 0
2503.0 141.0 2483.0 142.0 2484.0 104.0 2503.0 105.0 small-vehicle 0
2474.0 142.0 2456.0 141.0 2456.0 98.0 2475.0 97.0 small-vehicle 1
2398.0 256.0 2378.0 257.0 2379.0 216.0 2398.0 216.0 small-vehicle 0
2526.0 312.0 2543.0 319.0 2528.0 361.0 2511.0 355.0 small-vehicle 0
2683.0 226.0 2684.0 247.0 2635.0 247.0 2635.0 226.0 small-vehicle 0
2677.0 252.0 2678.0 271.0 2631.0 273.0 2630.0 254.0 small-vehicle 0
2681.0 277.0 2681.0 295.0 2633.0 295.0 2632.0 277.0 small-vehicle 0
2544.0 269.0 2523.0 270.0 2523.0 214.0 2544.0 215.0 small-vehicle 0
2509.0 431.0 2527.0 439.0 2511.0 480.0 2493.0 472.0 small-vehicle 0
2487.0 472.0 2469.0 463.0 2486.0 426.0 2503.0 434.0 small-vehicle 0
2463.0 463.0 2443.0 454.0 2464.0 414.0 2482.0 422.0 small-vehicle 0
2423.0 445.0 2405.0 439.0 2418.0 396.0 2437.0 401.0 small-vehicle 0
2425.0 256.0 2408.0 257.0 2406.0 216.0 2422.0 216.0 small-vehicle 1
2294.0 252.0 2276.0 253.0 2276.0 209.0 2295.0 209.0 small-vehicle 1
2320.0 249.0 2300.0 247.0 2303.0 203.0 2322.0 204.0 small-vehicle 1
2206.0 207.0 2224.0 208.0 2221.0 247.0 2204.0 247.0 small-vehicle 1
2229.0 250.0 2248.0 250.0 2246.0 291.0 2227.0 291.0 small-vehicle 1
2328.0 210.0 2346.0 210.0 2345.0 249.0 2328.0 249.0 small-vehicle 1
2427.0 216.0 2446.0 216.0 2447.0 257.0 2429.0 258.0 small-vehicle 1
2453.0 146.0 2433.0 145.0 2435.0 102.0 2454.0 103.0 small-vehicle 0
2404.0 142.0 2387.0 142.0 2385.0 99.0 2403.0 99.0 small-vehicle 0
658.0 34.0 657.0 58.0 611.0 57.0 611.0 33.0 small-vehicle 1
1705.0 1966.0 1781.0 1013.0 2687.0 1065.0 2646.0 2014.0 baseball-diamond 0
2710.0 600.0 2744.0 600.0 2744.0 619.0 2710.0 619.0 small-vehicle 1
2682.0 80.0 2680.0 95.0 2641.0 91.0 2641.0 80.0 small-vehicle 1
2555.0 76.0 2554.0 88.0 2515.0 85.0 2513.0 75.0 small-vehicle 1
979.0 28.0 980.0 41.0 940.0 39.0 940.0 27.0 small-vehicle 1
850.0 25.0 850.0 37.0 814.0 37.0 814.0 24.0 small-vehicle 1
662.0 18.0 661.0 32.0 622.0 30.0 621.0 18.0 small-vehicle 1
2058.0 973.0 2091.0 377.0 2661.0 431.0 2651.0 994.0 baseball-diamond 0
2702.0 1103.0 2728.0 1103.0 2728.0 1123.0 2702.0 1123.0 small-vehicle 1
687.0 476.0 1406.0 354.0 1700.0 1916.0 988.0 2057.0 ground-track-field 0
743.0 1705.0 841.0 1703.0 841.0 1908.0 741.0 1912.0 tennis-court 0
585.0 1702.0 683.0 1704.0 678.0 1908.0 580.0 1909.0 tennis-court 0
426.0 1699.0 522.0 1700.0 519.0 1906.0 423.0 1905.0 tennis-court 0
589.0 1379.0 684.0 1382.0 682.0 1588.0 586.0 1586.0 tennis-court 0
429.0 1377.0 525.0 1381.0 523.0 1586.0 425.0 1586.0 tennis-court 0
2708.0 627.0 2743.0 627.0 2743.0 645.0 2708.0 645.0 small-vehicle 1
2708.0 650.0 2742.0 650.0 2742.0 667.0 2708.0 667.0 small-vehicle 1
2705.0 673.0 2741.0 673.0 2741.0 690.0 2705.0 690.0 small-vehicle 1
2714.0 717.0 2740.0 717.0 2740.0 734.0 2714.0 734.0 small-vehicle 1
2705.0 740.0 2740.0 740.0 2740.0 761.0 2705.0 761.0 small-vehicle 1
2713.0 768.0 2739.0 768.0 2739.0 782.0 2713.0 782.0 small-vehicle 1
2705.0 789.0 2738.0 789.0 2738.0 808.0 2705.0 808.0 small-vehicle 1
2707.0 836.0 2736.0 836.0 2736.0 853.0 2707.0 853.0 small-vehicle 1
2708.0 855.0 2736.0 855.0 2736.0 873.0 2708.0 873.0 small-vehicle 1
2705.0 874.0 2735.0 874.0 2735.0 894.0 2705.0 894.0 small-vehicle 1
2703.0 896.0 2735.0 896.0 2735.0 916.0 2703.0 916.0 small-vehicle 1
2706.0 918.0 2734.0 918.0 2734.0 939.0 2706.0 939.0 small-vehicle 1
2706.0 940.0 2734.0 940.0 2734.0 956.0 2706.0 956.0 small-vehicle 1
2707.0 962.0 2734.0 962.0 2734.0 980.0 2707.0 980.0 small-vehicle 1
2703.0 982.0 2733.0 982.0 2733.0 1004.0 2703.0 1004.0 small-vehicle 1
2714.0 1058.0 2731.0 1058.0 2731.0 1074.0 2714.0 1074.0 small-vehicle 1
2705.0 1080.0 2729.0 1080.0 2729.0 1096.0 2705.0 1096.0 small-vehicle 1
2473.0 217.0 2493.0 218.0 2493.0 260.0 2475.0 261.0 small-vehicle 1
2460.0 288.0 2476.0 294.0 2464.0 332.0 2447.0 327.0 small-vehicle 1
2507.0 303.0 2526.0 310.0 2508.0 352.0 2491.0 344.0 small-vehicle 1
2436.0 2301.0 2412.0 2298.0 2419.0 2251.0 2441.0 2254.0 small-vehicle 0
842.0 2067.0 839.0 2086.0 793.0 2082.0 796.0 2062.0 small-vehicle 0
1026.0 2069.0 1025.0 2088.0 979.0 2086.0 979.0 2067.0 small-vehicle 0
975.0 2069.0 974.0 2088.0 929.0 2086.0 930.0 2067.0 small-vehicle 0
1379.0 2159.0 1378.0 2178.0 1328.0 2175.0 1329.0 2155.0 small-vehicle 0
1785.0 2185.0 1785.0 2166.0 1833.0 2165.0 1832.0 2185.0 small-vehicle 0
1936.0 2110.0 1938.0 2092.0 1984.0 2096.0 1982.0 2114.0 small-vehicle 1
2456.0 2312.0 2434.0 2310.0 2438.0 2251.0 2464.0 2253.0 small-vehicle 1
2352.0 374.0 2368.0 381.0 2354.0 414.0 2338.0 409.0 small-vehicle 1
2463.0 2128.0 2462.0 2107.0 2505.0 2107.0 2508.0 2128.0 small-vehicle 1
2360.0 2122.0 2360.0 2102.0 2401.0 2104.0 2399.0 2124.0 small-vehicle 1
2316.0 2154.0 2317.0 2131.0 2363.0 2133.0 2362.0 2156.0 small-vehicle 1
1490.0 2101.0 1490.0 2081.0 1537.0 2084.0 1535.0 2105.0 small-vehicle 1
1409.0 2080.0 1408.0 2101.0 1362.0 2100.0 1362.0 2077.0 small-vehicle 1
1306.0 2078.0 1305.0 2096.0 1265.0 2095.0 1266.0 2075.0 small-vehicle 1
648.0 2061.0 646.0 2079.0 607.0 2077.0 607.0 2059.0 small-vehicle 0
694.0 2062.0 694.0 2079.0 653.0 2077.0 655.0 2060.0 small-vehicle 0
602.0 364.0 603.0 382.0 563.0 384.0 562.0 366.0 small-vehicle 0
945.0 331.0 946.0 349.0 904.0 351.0 903.0 332.0 small-vehicle 0
1002.0 327.0 1004.0 348.0 959.0 351.0 958.0 330.0 small-vehicle 0
1070.0 321.0 1071.0 342.0 1025.0 345.0 1022.0 325.0 small-vehicle 0
2679.0 99.0 2677.0 119.0 2634.0 116.0 2636.0 96.0 small-vehicle 0
2641.0 142.0 2642.0 123.0 2685.0 125.0 2684.0 144.0 small-vehicle 0
1359.0 2078.0 1356.0 2100.0 1315.0 2097.0 1317.0 2076.0 small-vehicle 0
495.0 2059.0 493.0 2078.0 447.0 2077.0 447.0 2058.0 small-vehicle 0
166.0 2044.0 149.0 2042.0 155.0 1999.0 171.0 2001.0 small-vehicle 1
66.0 2106.0 66.0 2086.0 109.0 2087.0 108.0 2106.0 small-vehicle 1
120.0 2105.0 122.0 2086.0 164.0 2091.0 161.0 2109.0 small-vehicle 1
190.0 530.0 169.0 530.0 170.0 485.0 190.0 485.0 small-vehicle 1
121.0 123.0 139.0 124.0 139.0 168.0 120.0 168.0 small-vehicle 0
854.0 44.0 854.0 64.0 810.0 62.0 811.0 42.0 small-vehicle 0
776.0 41.0 775.0 62.0 734.0 60.0 734.0 41.0 small-vehicle 0
1215.0 2092.0 1217.0 2072.0 1262.0 2075.0 1259.0 2095.0 small-vehicle 1
1276.0 2129.0 1275.0 2147.0 1233.0 2145.0 1234.0 2126.0 small-vehicle 1
782.0 365.0 779.0 344.0 825.0 340.0 827.0 362.0 small-vehicle 1
1838.0 2182.0 1838.0 2161.0 1882.0 2162.0 1882.0 2183.0 small-vehicle 1
2375.0 383.0 2390.0 390.0 2376.0 423.0 2360.0 417.0 small-vehicle 1
2396.0 392.0 2414.0 398.0 2401.0 434.0 2383.0 428.0 small-vehicle 1
2440.0 403.0 2457.0 410.0 2440.0 451.0 2423.0 445.0 small-vehicle 1
2534.0 437.0 2552.0 445.0 2537.0 479.0 2520.0 473.0 small-vehicle 1
2552.0 452.0 2570.0 458.0 2558.0 493.0 2540.0 487.0 small-vehicle 1
2590.0 2131.0 2593.0 2110.0 2637.0 2114.0 2635.0 2134.0 small-vehicle 0
2642.0 2130.0 2642.0 2112.0 2683.0 2112.0 2682.0 2131.0 small-vehicle 0
2509.0 2129.0 2510.0 2110.0 2553.0 2113.0 2551.0 2132.0 small-vehicle 0
2454.0 2109.0 2453.0 2129.0 2408.0 2125.0 2410.0 2106.0 small-vehicle 0
2258.0 2121.0 2261.0 2103.0 2302.0 2107.0 2299.0 2125.0 small-vehicle 0
2303.0 2120.0 2305.0 2103.0 2347.0 2106.0 2345.0 2125.0 small-vehicle 0
2391.0 2181.0 2390.0 2198.0 2352.0 2197.0 2352.0 2180.0 small-vehicle 0
2149.0 2119.0 2151.0 2099.0 2197.0 2104.0 2195.0 2123.0 small-vehicle 1
2100.0 2117.0 2101.0 2098.0 2141.0 2100.0 2141.0 2118.0 small-vehicle 1
1630.0 2228.0 1608.0 2228.0 1609.0 2182.0 1630.0 2183.0 small-vehicle 0
423.0 33.0 424.0 14.0 470.0 18.0 470.0 37.0 small-vehicle 1
1724.0 2178.0 1725.0 2158.0 1772.0 2162.0 1770.0 2182.0 small-vehicle 0
1818.0 2113.0 1818.0 2089.0 1879.0 2091.0 1878.0 2115.0 small-vehicle 0
1766.0 2108.0 1767.0 2089.0 1808.0 2090.0 1807.0 2108.0 small-vehicle 0
1714.0 2108.0 1715.0 2087.0 1756.0 2088.0 1756.0 2109.0 small-vehicle 0
1653.0 2107.0 1654.0 2086.0 1702.0 2088.0 1700.0 2108.0 small-vehicle 0
1601.0 2105.0 1602.0 2083.0 1649.0 2087.0 1647.0 2107.0 small-vehicle 0
16.0 2108.0 17.0 2089.0 62.0 2090.0 61.0 2110.0 small-vehicle 0
228.0 2137.0 209.0 2123.0 236.0 2084.0 255.0 2097.0 small-vehicle 0
594.0 2059.0 595.0 2079.0 551.0 2077.0 552.0 2058.0 small-vehicle 0
548.0 2058.0 546.0 2076.0 506.0 2073.0 507.0 2056.0 small-vehicle 0
592.0 2145.0 589.0 2165.0 543.0 2159.0 545.0 2139.0 small-vehicle 0
146.0 2134.0 144.0 2158.0 82.0 2152.0 84.0 2130.0 small-vehicle 0
61.0 1519.0 81.0 1519.0 80.0 1561.0 61.0 1561.0 small-vehicle 0
87.0 1173.0 86.0 1193.0 39.0 1192.0 39.0 1172.0 small-vehicle 0
432.0 1057.0 529.0 1057.0 526.0 1264.0 430.0 1265.0 tennis-court 0