709.0 799.0 813.0 950.0 742.0 999.0 641.0 841.0 harbor 0
490.0 876.0 488.0 866.0 513.0 856.0 516.0 863.0 ship 0
716.0 883.0 712.0 876.0 740.0 856.0 746.0 865.0 ship 0
702.0 862.0 699.0 853.0 728.0 835.0 733.0 842.0 ship 0
696.0 850.0 691.0 840.0 719.0 824.0 725.0 832.0 ship 0
686.0 839.0 682.0 831.0 704.0 816.0 709.0 823.0 ship 0
671.0 839.0 675.0 846.0 661.0 858.0 656.0 849.0 ship 0
503.0 777.0 506.0 780.0 433.0 836.0 430.0 831.0 harbor 0
441.0 836.0 465.0 856.0 461.0 862.0 439.0 842.0 ship 1
504.0 882.0 499.0 875.0 521.0 861.0 526.0 868.0 ship 1
479.0 852.0 475.0 849.0 481.0 841.0 486.0 844.0 ship 1
574.0 1660.0 580.0 1657.0 588.0 1669.0 583.0 1673.0 small-vehicle 1
491.0 841.0 487.0 835.0 502.0 823.0 507.0 828.0 ship 0
492.0 800.0 490.0 794.0 505.0 783.0 508.0 789.0 ship 0
446.0 836.0 441.0 831.0 455.0 820.0 458.0 825.0 ship 0
483.0 866.0 480.0 859.0 490.0 850.0 495.0 856.0 ship 1
503.0 850.0 500.0 845.0 512.0 835.0 515.0 840.0 ship 0
521.0 836.0 518.0 829.0 533.0 819.0 536.0 824.0 ship 0
738.0 714.0 744.0 721.0 726.0 741.0 720.0 734.0 ship 0
669.0 649.0 676.0 655.0 651.0 686.0 644.0 678.0 ship 0
670.0 871.0 667.0 864.0 684.0 853.0 688.0 861.0 ship 0
691.0 871.0 696.0 877.0 683.0 886.0 680.0 883.0 ship 0
700.0 879.0 702.0 882.0 686.0 894.0 683.0 889.0 ship 0
702.0 887.0 706.0 892.0 696.0 902.0 691.0 897.0 ship 1
918.0 1040.0 922.0 1047.0 891.0 1072.0 886.0 1064.0 ship 0
871.0 1047.0 874.0 1044.0 885.0 1053.0 882.0 1058.0 ship 1
870.0 1050.0 872.0 1047.0 883.0 1058.0 878.0 1061.0 ship 0
885.0 973.0 897.0 989.0 854.0 1021.0 842.0 1000.0 ship 0
767.0 966.0 763.0 957.0 779.0 948.0 785.0 954.0 ship 0
753.0 939.0 750.0 932.0 779.0 915.0 784.0 923.0 ship 0
761.0 954.0 756.0 946.0 789.0 926.0 794.0 936.0 ship 0
722.0 894.0 720.0 886.0 748.0 873.0 751.0 880.0 ship 0
731.0 906.0 728.0 898.0 749.0 886.0 755.0 893.0 ship 0
744.0 930.0 739.0 924.0 761.0 911.0 764.0 919.0 ship 0
738.0 1003.0 733.0 992.0 773.0 969.0 777.0 978.0 ship 0
737.0 941.0 741.0 946.0 723.0 958.0 718.0 951.0 ship 0
731.0 933.0 734.0 938.0 722.0 946.0 717.0 942.0 ship 1
728.0 924.0 732.0 931.0 715.0 940.0 713.0 932.0 ship 0
723.0 918.0 725.0 922.0 707.0 935.0 704.0 932.0 ship 0
716.0 910.0 720.0 915.0 708.0 925.0 703.0 920.0 ship 0
707.0 894.0 711.0 900.0 694.0 912.0 690.0 905.0 ship 0
642.0 672.0 634.0 663.0 656.0 638.0 664.0 644.0 ship 0
683.0 663.0 688.0 669.0 667.0 695.0 660.0 688.0 ship 0
798.0 677.0 815.0 693.0 768.0 741.0 753.0 724.0 ship 1
431.0 791.0 428.0 782.0 443.0 773.0 448.0 782.0 ship 0
408.0 810.0 404.0 803.0 418.0 789.0 424.0 796.0 ship 0
529.0 679.0 519.0 685.0 494.0 655.0 503.0 646.0 ship 0
504.0 706.0 495.0 710.0 472.0 680.0 480.0 673.0 ship 0
491.0 716.0 480.0 725.0 446.0 689.0 460.0 678.0 ship 0
473.0 731.0 462.0 735.0 440.0 703.0 450.0 693.0 ship 0
458.0 743.0 450.0 748.0 427.0 721.0 434.0 714.0 ship 0
449.0 754.0 441.0 759.0 410.0 729.0 418.0 720.0 ship 0
435.0 764.0 429.0 768.0 413.0 751.0 420.0 745.0 ship 0
379.0 785.0 389.0 777.0 393.0 780.0 382.0 789.0 ship 1
375.0 784.0 370.0 779.0 384.0 767.0 390.0 773.0 ship 0
374.0 713.0 380.0 722.0 341.0 749.0 336.0 742.0 harbor 0
228.0 559.0 233.0 558.0 237.0 574.0 231.0 573.0 ship 0
326.0 676.0 312.0 685.0 235.0 579.0 249.0 569.0 ship 0
259.0 577.0 271.0 569.0 318.0 632.0 306.0 642.0 ship 0
197.0 461.0 210.0 453.0 251.0 520.0 235.0 528.0 ship 0
182.0 430.0 175.0 434.0 154.0 402.0 162.0 397.0 ship 0
132.0 327.0 115.0 337.0 40.0 220.0 59.0 209.0 ship 0
456.0 770.0 450.0 763.0 471.0 751.0 474.0 758.0 ship 0
489.0 731.0 494.0 735.0 482.0 748.0 476.0 744.0 ship 0
758.0 713.0 749.0 705.0 781.0 668.0 793.0 677.0 ship 0
529.0 703.0 532.0 709.0 510.0 725.0 504.0 718.0 ship 0
596.0 810.0 591.0 803.0 610.0 783.0 616.0 789.0 ship 0
598.0 774.0 606.0 780.0 587.0 800.0 582.0 794.0 ship 0
629.0 788.0 621.0 779.0 645.0 752.0 653.0 760.0 ship 0
616.0 773.0 610.0 766.0 631.0 743.0 638.0 750.0 ship 0
604.0 761.0 599.0 756.0 621.0 733.0 627.0 739.0 ship 0
577.0 646.0 565.0 655.0 535.0 617.0 545.0 608.0 ship 0
629.0 609.0 639.0 618.0 603.0 653.0 595.0 644.0 ship 0
641.0 628.0 649.0 633.0 628.0 660.0 618.0 654.0 ship 0
594.0 748.0 588.0 742.0 605.0 718.0 612.0 723.0 ship 0
581.0 737.0 576.0 729.0 596.0 711.0 603.0 718.0 ship 0
572.0 723.0 566.0 715.0 584.0 696.0 591.0 704.0 ship 0
566.0 744.0 572.0 750.0 555.0 766.0 550.0 759.0 ship 0
554.0 732.0 561.0 740.0 539.0 760.0 533.0 753.0 ship 0
544.0 722.0 552.0 728.0 531.0 750.0 523.0 741.0 ship 0
572.0 688.0 578.0 696.0 554.0 716.0 548.0 710.0 ship 0
545.0 666.0 533.0 674.0 505.0 643.0 515.0 632.0 ship 0
541.0 700.0 536.0 693.0 556.0 678.0 560.0 684.0 ship 0
1046.0 1005.0 1050.0 1014.0 880.0 1124.0 875.0 1117.0 harbor 0
1009.0 1105.0 998.0 1109.0 981.0 1080.0 988.0 1076.0 ship 0
998.0 1117.0 988.0 1121.0 967.0 1088.0 975.0 1083.0 ship 0
520.0 803.0 542.0 822.0 478.0 875.0 462.0 860.0 harbor 0
894.0 1235.0 926.0 1283.0 846.0 1332.0 819.0 1281.0 harbor 0
586.0 565.0 641.0 614.0 415.0 826.0 361.0 770.0 harbor 0
818.0 690.0 739.0 778.0 520.0 568.0 596.0 488.0 harbor 0
656.0 760.0 598.0 818.0 501.0 723.0 556.0 667.0 harbor 0
583.0 565.0 617.0 600.0 605.0 610.0 572.0 575.0 ship 1
562.0 588.0 567.0 581.0 602.0 621.0 593.0 627.0 ship 0
424.0 770.0 419.0 773.0 408.0 758.0 412.0 754.0 ship 0
688.0 647.0 681.0 638.0 704.0 607.0 713.0 616.0 ship 0
673.0 633.0 665.0 625.0 690.0 597.0 700.0 608.0 ship 0
660.0 620.0 648.0 611.0 673.0 583.0 683.0 593.0 ship 0
615.0 581.0 607.0 571.0 637.0 539.0 647.0 544.0 ship 0
608.0 516.0 613.0 523.0 588.0 551.0 581.0 546.0 ship 0
604.0 569.0 593.0 559.0 621.0 526.0 632.0 536.0 ship 0
571.0 544.0 557.0 531.0 592.0 493.0 609.0 506.0 ship 1
632.0 595.0 618.0 584.0 646.0 549.0 660.0 559.0 ship 0
254.0 872.0 244.0 876.0 229.0 858.0 238.0 853.0 ship 0
243.0 1013.0 251.0 1009.0 271.0 1039.0 261.0 1041.0 ship 0
983.0 1060.0 1011.0 1109.0 885.0 1183.0 855.0 1143.0 harbor 0
290.0 819.0 295.0 816.0 306.0 829.0 301.0 833.0 small-vehicle 1
306.0 975.0 318.0 968.0 334.0 991.0 322.0 996.0 ship 0
279.0 826.0 284.0 821.0 298.0 838.0 291.0 843.0 small-vehicle 1
717.0 1814.0 722.0 1822.0 711.0 1833.0 706.0 1827.0 small-vehicle 1
724.0 1825.0 729.0 1831.0 718.0 1843.0 712.0 1837.0 small-vehicle 1
744.0 1845.0 749.0 1853.0 735.0 1864.0 729.0 1857.0 small-vehicle 1
293.0 1272.0 297.0 1266.0 310.0 1277.0 306.0 1282.0 small-vehicle 1
281.0 1258.0 285.0 1253.0 297.0 1264.0 293.0 1269.0 small-vehicle 1
267.0 1240.0 272.0 1234.0 284.0 1250.0 278.0 1255.0 small-vehicle 1
240.0 1204.0 243.0 1200.0 254.0 1213.0 250.0 1217.0 small-vehicle 1
357.0 1127.0 362.0 1124.0 369.0 1135.0 365.0 1139.0 small-vehicle 1
375.0 1109.0 380.0 1105.0 388.0 1118.0 384.0 1122.0 small-vehicle 1
385.0 1104.0 391.0 1101.0 401.0 1116.0 395.0 1120.0 small-vehicle 1
139.0 1079.0 144.0 1075.0 154.0 1089.0 148.0 1093.0 small-vehicle 1
127.0 1065.0 131.0 1060.0 142.0 1072.0 138.0 1077.0 small-vehicle 1
112.0 1031.0 118.0 1025.0 128.0 1037.0 122.0 1042.0 small-vehicle 1
64.0 1019.0 70.0 1014.0 83.0 1030.0 77.0 1035.0 small-vehicle 1
310.0 961.0 315.0 957.0 323.0 968.0 319.0 972.0 small-vehicle 1
326.0 927.0 330.0 921.0 344.0 938.0 339.0 942.0 small-vehicle 1
271.0 836.0 276.0 831.0 287.0 844.0 282.0 848.0 small-vehicle 1
290.0 996.0 297.0 993.0 306.0 1005.0 300.0 1008.0 ship 0
261.0 985.0 271.0 978.0 301.0 1019.0 288.0 1027.0 ship 0
968.0 1127.0 962.0 1130.0 941.0 1102.0 948.0 1097.0 ship 0
951.0 988.0 948.0 978.0 980.0 958.0 985.0 964.0 ship 0
987.0 1022.0 995.0 1035.0 964.0 1053.0 955.0 1040.0 ship 1
984.0 1012.0 990.0 1018.0 957.0 1038.0 951.0 1029.0 ship 0
948.0 1033.0 951.0 1041.0 929.0 1053.0 924.0 1046.0 ship 0
842.0 1041.0 845.0 1037.0 855.0 1050.0 849.0 1052.0 ship 0
855.0 1055.0 857.0 1053.0 865.0 1067.0 861.0 1068.0 ship 0
849.0 1060.0 853.0 1056.0 859.0 1069.0 855.0 1071.0 ship 1
855.0 1087.0 857.0 1084.0 868.0 1095.0 865.0 1098.0 ship 0
858.0 1082.0 861.0 1080.0 872.0 1092.0 869.0 1094.0 ship 0
861.0 1078.0 864.0 1075.0 876.0 1087.0 873.0 1090.0 ship 0
865.0 1073.0 868.0 1071.0 878.0 1082.0 874.0 1084.0 ship 1
879.0 1130.0 881.0 1135.0 864.0 1146.0 858.0 1143.0 ship 0
894.0 1118.0 897.0 1123.0 883.0 1131.0 880.0 1127.0 ship 0
865.0 1156.0 871.0 1152.0 888.0 1168.0 880.0 1175.0 ship 0
877.0 1147.0 883.0 1143.0 897.0 1163.0 890.0 1167.0 ship 0
916.0 1161.0 910.0 1164.0 894.0 1139.0 899.0 1135.0 ship 0
942.0 1142.0 934.0 1145.0 918.0 1122.0 926.0 1116.0 ship 0
955.0 1137.0 947.0 1141.0 930.0 1111.0 935.0 1106.0 ship 0
948.0 1042.0 961.0 1059.0 888.0 1104.0 878.0 1090.0 ship 0
922.0 975.0 926.0 973.0 932.0 986.0 929.0 986.0 ship 1
1071.0 1724.0 1096.0 1725.0 1072.0 1928.0 1043.0 1926.0 ship 1
917.0 979.0 920.0 975.0 929.0 988.0 923.0 990.0 ship 0
1006.0 1486.0 1004.0 1500.0 933.0 1491.0 935.0 1477.0 harbor 0
947.0 1498.0 956.0 1496.0 962.0 1521.0 952.0 1523.0 ship 0
991.0 1500.0 1001.0 1501.0 996.0 1532.0 986.0 1529.0 ship 0
995.0 1482.0 983.0 1480.0 989.0 1439.0 1000.0 1440.0 ship 0
965.0 1440.0 978.0 1441.0 974.0 1481.0 960.0 1479.0 ship 0
951.0 1448.0 960.0 1448.0 956.0 1477.0 948.0 1475.0 ship 0
902.0 1318.0 892.0 1321.0 879.0 1295.0 889.0 1291.0 ship 0
885.0 1323.0 876.0 1326.0 865.0 1301.0 874.0 1298.0 ship 0
848.0 1315.0 852.0 1313.0 857.0 1328.0 851.0 1328.0 ship 0
829.0 1289.0 834.0 1285.0 843.0 1299.0 836.0 1301.0 ship 0
836.0 1279.0 842.0 1277.0 849.0 1292.0 843.0 1293.0 ship 0
868.0 1287.0 860.0 1289.0 846.0 1264.0 853.0 1261.0 ship 0
859.0 1255.0 865.0 1251.0 881.0 1276.0 873.0 1278.0 ship 0
876.0 1254.0 881.0 1249.0 895.0 1269.0 889.0 1271.0 ship 0
882.0 1237.0 892.0 1233.0 909.0 1263.0 899.0 1267.0 ship 0
978.0 932.0 988.0 947.0 935.0 981.0 923.0 967.0 ship 1
983.0 937.0 989.0 934.0 995.0 946.0 988.0 948.0 ship 1
87.0 226.0 81.0 233.0 57.0 210.0 62.0 202.0 ship 0