1326.0 529.0 1348.0 513.0 1397.0 580.0 1378.0 599.0 large-vehicle 0
1070.0 287.0 1092.0 274.0 1151.0 358.0 1131.0 373.0 large-vehicle 0
1162.0 229.0 1173.0 219.0 1197.0 252.0 1185.0 261.0 small-vehicle 0
1061.0 191.0 1059.0 177.0 1096.0 172.0 1096.0 185.0 small-vehicle 0
1049.0 172.0 1049.0 158.0 1090.0 156.0 1089.0 169.0 small-vehicle 0
1038.0 145.0 1036.0 130.0 1076.0 128.0 1076.0 141.0 small-vehicle 0
1071.0 913.0 1209.0 840.0 1268.0 959.0 1131.0 1024.0 plane 0
937.0 991.0 1064.0 926.0 1130.0 1054.0 996.0 1115.0 plane 0
362.0 136.0 481.0 67.0 544.0 171.0 428.0 239.0 plane 0
680.0 604.0 796.0 541.0 855.0 665.0 743.0 724.0 plane 0
397.0 792.0 522.0 706.0 616.0 855.0 484.0 931.0 plane 0
550.0 697.0 660.0 621.0 731.0 734.0 629.0 801.0 plane 0
178.0 246.0 365.0 148.0 484.0 355.0 285.0 466.0 plane 0