1265.0 398.0 1256.0 384.0 1289.0 367.0 1297.0 383.0 small-vehicle 1
1011.0 858.0 999.0 873.0 953.0 843.0 965.0 825.0 ship 0
1058.0 793.0 1049.0 808.0 998.0 776.0 1011.0 757.0 ship 0
1070.0 762.0 1059.0 781.0 1016.0 752.0 1028.0 734.0 ship 0
1094.0 750.0 1081.0 765.0 1041.0 730.0 1055.0 715.0 ship 0
975.0 652.0 991.0 635.0 1039.0 679.0 1024.0 694.0 ship 0
888.0 756.0 903.0 739.0 951.0 778.0 936.0 796.0 ship 0
860.0 807.0 873.0 791.0 925.0 829.0 914.0 847.0 ship 0
905.0 848.0 894.0 863.0 851.0 836.0 862.0 818.0 ship 0
834.0 857.0 846.0 839.0 894.0 876.0 882.0 892.0 ship 0
875.0 898.0 864.0 918.0 814.0 884.0 826.0 864.0 ship 0
1120.0 994.0 1108.0 1011.0 1062.0 975.0 1076.0 959.0 ship 0
1131.0 962.0 1122.0 977.0 1077.0 950.0 1088.0 932.0 ship 0
1101.0 922.0 1115.0 910.0 1147.0 945.0 1132.0 957.0 ship 0
1168.0 921.0 1158.0 939.0 1111.0 904.0 1124.0 886.0 ship 0
1201.0 881.0 1187.0 892.0 1152.0 855.0 1168.0 841.0 ship 0
1171.0 825.0 1184.0 810.0 1217.0 842.0 1202.0 859.0 ship 0
1174.0 808.0 1182.0 786.0 1239.0 812.0 1230.0 835.0 ship 0
1282.0 893.0 1268.0 908.0 1231.0 876.0 1247.0 859.0 ship 0
1158.0 977.0 1171.0 961.0 1221.0 996.0 1207.0 1015.0 ship 0
1185.0 1038.0 1174.0 1055.0 1133.0 1028.0 1145.0 1010.0 ship 0
1181.0 1067.0 1170.0 1082.0 1118.0 1044.0 1129.0 1028.0 ship 0
1154.0 1082.0 1144.0 1103.0 1095.0 1076.0 1109.0 1054.0 ship 0
1324.0 1029.0 1305.0 1014.0 1344.0 961.0 1364.0 975.0 ship 0
1341.0 1045.0 1323.0 1028.0 1359.0 980.0 1378.0 994.0 ship 0
1016.0 1275.0 1047.0 1274.0 1048.0 1354.0 1018.0 1354.0 ship 0
952.0 1261.0 983.0 1266.0 969.0 1362.0 941.0 1356.0 ship 0
907.0 1269.0 936.0 1273.0 925.0 1352.0 895.0 1348.0 ship 0
748.0 1216.0 786.0 1224.0 765.0 1335.0 727.0 1329.0 ship 0
714.0 1314.0 682.0 1311.0 695.0 1217.0 726.0 1221.0 ship 0
742.0 1194.0 719.0 1193.0 722.0 1118.0 748.0 1118.0 ship 0
1042.0 814.0 1032.0 828.0 980.0 796.0 992.0 780.0 ship 0
997.0 885.0 984.0 900.0 936.0 865.0 948.0 847.0 ship 0
639.0 1205.0 664.0 1209.0 651.0 1287.0 621.0 1282.0 ship 0
970.0 926.0 962.0 941.0 907.0 912.0 917.0 894.0 ship 0
557.0 900.0 446.0 783.0 893.0 353.0 1008.0 460.0 harbor 0
916.0 984.0 781.0 893.0 1011.0 595.0 1145.0 680.0 harbor 0
1109.0 1083.0 1055.0 1050.0 1215.0 814.0 1267.0 851.0 harbor 0
1292.0 1150.0 1276.0 1137.0 1400.0 958.0 1414.0 967.0 harbor 0
234.0 1211.0 266.0 1063.0 760.0 1131.0 734.0 1284.0 harbor 0
188.0 1521.0 223.0 1366.0 644.0 1440.0 623.0 1610.0 harbor 0
148.0 1798.0 195.0 1653.0 587.0 1765.0 549.0 1903.0 harbor 0
92.0 248.0 65.0 252.0 45.0 74.0 73.0 70.0 harbor 0
514.0 542.0 479.0 541.0 481.0 449.0 517.0 449.0 ship 0
614.0 466.0 594.0 478.0 560.0 421.0 584.0 409.0 ship 0
639.0 266.0 659.0 257.0 683.0 313.0 664.0 321.0 ship 0
657.0 241.0 679.0 229.0 715.0 290.0 695.0 304.0 ship 0
688.0 228.0 708.0 215.0 742.0 281.0 720.0 291.0 ship 0
723.0 228.0 742.0 219.0 767.0 268.0 747.0 278.0 ship 0
788.0 176.0 808.0 167.0 836.0 222.0 817.0 234.0 ship 0
729.0 386.0 709.0 397.0 681.0 348.0 704.0 335.0 ship 0
701.0 398.0 682.0 408.0 654.0 357.0 675.0 346.0 ship 0
804.0 459.0 819.0 445.0 858.0 487.0 840.0 501.0 ship 0
923.0 559.0 907.0 573.0 867.0 532.0 885.0 517.0 ship 0
705.0 548.0 723.0 533.0 763.0 574.0 747.0 591.0 ship 0
674.0 566.0 694.0 548.0 741.0 598.0 720.0 615.0 ship 0
782.0 704.0 764.0 716.0 720.0 657.0 739.0 644.0 ship 0
730.0 743.0 716.0 758.0 666.0 713.0 683.0 693.0 ship 0
588.0 656.0 602.0 645.0 643.0 692.0 629.0 705.0 ship 0
540.0 669.0 562.0 650.0 620.0 718.0 599.0 737.0 ship 0
501.0 731.0 518.0 715.0 564.0 766.0 544.0 781.0 ship 0
632.0 845.0 613.0 864.0 561.0 809.0 584.0 789.0 ship 0
436.0 822.0 461.0 799.0 540.0 880.0 516.0 905.0 ship 0
947.0 944.0 934.0 959.0 887.0 926.0 899.0 909.0 ship 0
691.0 1114.0 718.0 1120.0 697.0 1197.0 669.0 1190.0 ship 0
572.0 1199.0 600.0 1204.0 580.0 1282.0 554.0 1275.0 ship 0
1407.0 98.0 1399.0 85.0 1431.0 73.0 1439.0 87.0 ship 1
526.0 1517.0 502.0 1505.0 528.0 1439.0 552.0 1451.0 ship 0
464.0 1437.0 485.0 1441.0 475.0 1498.0 454.0 1494.0 ship 0
448.0 1495.0 422.0 1490.0 434.0 1416.0 461.0 1421.0 ship 0
400.0 1417.0 426.0 1425.0 409.0 1486.0 383.0 1479.0 ship 0
369.0 1401.0 392.0 1407.0 377.0 1478.0 352.0 1472.0 ship 0
332.0 1473.0 308.0 1457.0 341.0 1388.0 366.0 1403.0 ship 0
307.0 1461.0 283.0 1455.0 301.0 1381.0 328.0 1390.0 ship 0
268.0 1352.0 291.0 1366.0 251.0 1446.0 225.0 1429.0 ship 0
193.0 1493.0 163.0 1486.0 186.0 1371.0 216.0 1376.0 ship 0
1084.0 239.0 1076.0 222.0 1110.0 202.0 1117.0 219.0 small-vehicle 0
1027.0 250.0 1034.0 265.0 1009.0 281.0 999.0 266.0 small-vehicle 0
1228.0 268.0 1218.0 252.0 1251.0 231.0 1259.0 248.0 small-vehicle 0
1284.0 275.0 1299.0 265.0 1318.0 297.0 1303.0 306.0 small-vehicle 0
1246.0 384.0 1237.0 370.0 1271.0 349.0 1279.0 364.0 small-vehicle 0
1285.0 461.0 1276.0 445.0 1311.0 425.0 1320.0 442.0 small-vehicle 0
1369.0 512.0 1372.0 530.0 1328.0 539.0 1324.0 522.0 small-vehicle 0
1208.0 623.0 1221.0 639.0 1187.0 669.0 1174.0 656.0 small-vehicle 0
1224.0 647.0 1235.0 661.0 1204.0 690.0 1192.0 676.0 small-vehicle 0
1263.0 688.0 1276.0 705.0 1245.0 733.0 1231.0 718.0 small-vehicle 0
1285.0 709.0 1298.0 721.0 1272.0 754.0 1258.0 744.0 small-vehicle 0
1308.0 721.0 1321.0 731.0 1299.0 759.0 1286.0 749.0 small-vehicle 0
845.0 1479.0 829.0 1489.0 814.0 1459.0 829.0 1449.0 small-vehicle 1
820.0 1484.0 805.0 1495.0 785.0 1466.0 798.0 1455.0 small-vehicle 1
732.0 1548.0 737.0 1529.0 775.0 1544.0 769.0 1559.0 small-vehicle 1
725.0 1566.0 733.0 1550.0 766.0 1564.0 759.0 1579.0 small-vehicle 1
722.0 1615.0 726.0 1600.0 764.0 1609.0 759.0 1624.0 small-vehicle 1
721.0 1649.0 722.0 1634.0 759.0 1636.0 757.0 1654.0 small-vehicle 1
728.0 1764.0 723.0 1782.0 688.0 1774.0 692.0 1760.0 small-vehicle 1
770.0 1844.0 766.0 1863.0 728.0 1854.0 732.0 1836.0 small-vehicle 1
760.0 1869.0 756.0 1885.0 722.0 1876.0 726.0 1860.0 small-vehicle 1
493.0 1429.0 518.0 1439.0 494.0 1509.0 469.0 1498.0 ship 0
601.0 1651.0 568.0 1639.0 592.0 1557.0 624.0 1566.0 ship 0
624.0 1086.0 654.0 1089.0 638.0 1181.0 609.0 1176.0 ship 0
544.0 1614.0 519.0 1608.0 532.0 1545.0 556.0 1551.0 ship 0
601.0 1172.0 574.0 1169.0 582.0 1084.0 611.0 1088.0 ship 0
547.0 1078.0 572.0 1082.0 561.0 1175.0 534.0 1170.0 ship 0
525.0 1172.0 501.0 1170.0 506.0 1090.0 534.0 1092.0 ship 0
457.0 1187.0 484.0 1191.0 471.0 1269.0 445.0 1265.0 ship 0
474.0 1082.0 504.0 1085.0 489.0 1167.0 461.0 1164.0 ship 0
452.0 1154.0 427.0 1152.0 433.0 1067.0 460.0 1070.0 ship 0
365.0 1252.0 336.0 1248.0 346.0 1168.0 374.0 1171.0 ship 0
368.0 1050.0 398.0 1055.0 381.0 1151.0 351.0 1146.0 ship 0
332.0 1062.0 360.0 1067.0 344.0 1144.0 316.0 1139.0 ship 0
292.0 1036.0 322.0 1041.0 307.0 1135.0 274.0 1131.0 ship 0
288.0 1232.0 259.0 1229.0 269.0 1156.0 298.0 1161.0 ship 0
1382.0 163.0 1372.0 145.0 1412.0 119.0 1424.0 134.0 ship 0
1448.0 1286.0 1474.0 1289.0 1465.0 1370.0 1440.0 1366.0 ship 0
274.0 1851.0 244.0 1842.0 266.0 1766.0 296.0 1773.0 ship 0
400.0 1806.0 419.0 1808.0 414.0 1872.0 395.0 1870.0 ship 0
401.0 1706.0 425.0 1715.0 405.0 1777.0 381.0 1770.0 ship 0
366.0 1703.0 388.0 1709.0 373.0 1765.0 349.0 1759.0 ship 0
331.0 1679.0 358.0 1686.0 339.0 1758.0 311.0 1748.0 ship 0
294.0 1686.0 317.0 1693.0 299.0 1748.0 277.0 1742.0 ship 0
265.0 1668.0 286.0 1673.0 269.0 1736.0 247.0 1731.0 ship 0
220.0 1646.0 246.0 1654.0 221.0 1728.0 196.0 1719.0 ship 0
154.0 1776.0 122.0 1764.0 159.0 1655.0 190.0 1664.0 ship 0
238.0 1555.0 213.0 1550.0 223.0 1464.0 250.0 1467.0 ship 0
279.0 1485.0 301.0 1495.0 278.0 1556.0 255.0 1545.0 ship 0
317.0 1565.0 294.0 1559.0 308.0 1490.0 334.0 1495.0 ship 0
354.0 1575.0 328.0 1571.0 340.0 1501.0 366.0 1506.0 ship 0
372.0 1509.0 395.0 1513.0 386.0 1583.0 360.0 1580.0 ship 0
417.0 1515.0 442.0 1525.0 414.0 1592.0 391.0 1580.0 ship 0
476.0 1609.0 452.0 1602.0 466.0 1537.0 492.0 1543.0 ship 0
468.0 546.0 390.0 407.0 852.0 137.0 931.0 261.0 harbor 0