1920.0 145.0 1946.0 140.0 1953.0 195.0 1927.0 197.0 large-vehicle 0
418.0 633.0 420.0 811.0 266.0 811.0 268.0 637.0 plane 0
2263.0 646.0 2189.0 890.0 1958.0 818.0 2049.0 594.0 plane 0
2110.0 725.0 2106.0 605.0 2252.0 598.0 2261.0 717.0 plane 0
965.0 292.0 717.0 292.0 723.0 48.0 958.0 44.0 plane 0
1208.0 236.0 976.0 264.0 940.0 33.0 1171.0 2.0 plane 0
729.0 321.0 492.0 322.0 497.0 82.0 722.0 88.0 plane 0
440.0 203.0 588.0 200.0 592.0 329.0 440.0 333.0 plane 0
525.0 261.0 363.0 267.0 370.0 106.0 529.0 104.0 plane 0
242.0 541.0 348.0 302.0 524.0 385.0 421.0 606.0 plane 0
406.0 446.0 423.0 688.0 192.0 706.0 184.0 458.0 plane 0
286.0 691.0 295.0 825.0 157.0 834.0 156.0 698.0 plane 0
2205.0 880.0 2122.0 1004.0 1989.0 903.0 2090.0 782.0 plane 0
252.0 393.0 255.0 488.0 161.0 494.0 160.0 396.0 plane 0
1126.0 107.0 1301.0 85.0 1312.0 252.0 1151.0 276.0 plane 0
1021.0 270.0 901.0 275.0 896.0 151.0 1020.0 148.0 plane 0
876.0 962.0 890.0 1148.0 684.0 1171.0 673.0 985.0 plane 0
851.0 814.0 864.0 949.0 758.0 964.0 750.0 818.0 plane 0
1152.0 751.0 1144.0 631.0 1295.0 621.0 1300.0 741.0 plane 0
1150.0 970.0 1129.0 781.0 1361.0 762.0 1379.0 955.0 plane 0
1603.0 924.0 1615.0 766.0 1783.0 767.0 1779.0 926.0 plane 0
1746.0 1014.0 1903.0 1014.0 1903.0 1162.0 1746.0 1162.0 plane 0
2119.0 850.0 2240.0 744.0 2330.0 863.0 2210.0 963.0 plane 0
1835.0 956.0 2037.0 825.0 2167.0 1032.0 1983.0 1158.0 plane 0
868.0 1079.0 881.0 1097.0 807.0 1156.0 792.0 1136.0 large-vehicle 0
1479.0 1235.0 1485.0 1217.0 1556.0 1234.0 1549.0 1255.0 large-vehicle 0
1883.0 968.0 1886.0 989.0 1834.0 991.0 1832.0 971.0 small-vehicle 1
1359.0 1335.0 1363.0 1314.0 1398.0 1324.0 1395.0 1341.0 small-vehicle 1
1415.0 1348.0 1421.0 1330.0 1456.0 1340.0 1453.0 1355.0 small-vehicle 1
1973.0 1359.0 1961.0 1345.0 1991.0 1325.0 2001.0 1340.0 small-vehicle 1
2366.0 1244.0 2369.0 1261.0 2336.0 1274.0 2330.0 1257.0 small-vehicle 1
2263.0 1286.0 2270.0 1299.0 2245.0 1315.0 2239.0 1304.0 small-vehicle 1
2313.0 1113.0 2300.0 1097.0 2340.0 1077.0 2349.0 1093.0 small-vehicle 1
1564.0 1315.0 1546.0 1311.0 1560.0 1268.0 1578.0 1272.0 small-vehicle 1
1591.0 1326.0 1575.0 1322.0 1587.0 1278.0 1602.0 1283.0 small-vehicle 1
2246.0 387.0 2244.0 362.0 2319.0 361.0 2321.0 383.0 large-vehicle 0
1596.0 1030.0 1424.0 1042.0 1419.0 870.0 1592.0 865.0 plane 0
1866.0 81.0 1866.0 62.0 1919.0 63.0 1917.0 82.0 small-vehicle 1
1866.0 102.0 1867.0 86.0 1917.0 86.0 1917.0 104.0 small-vehicle 1
1950.0 99.0 1931.0 98.0 1931.0 54.0 1950.0 55.0 small-vehicle 1
1971.0 112.0 1973.0 128.0 1928.0 129.0 1928.0 113.0 small-vehicle 1
1869.0 147.0 1867.0 128.0 1909.0 126.0 1911.0 143.0 small-vehicle 1
1901.0 180.0 1902.0 197.0 1864.0 198.0 1862.0 184.0 small-vehicle 1
1594.0 110.0 1614.0 114.0 1603.0 160.0 1584.0 156.0 small-vehicle 1
146.0 327.0 146.0 344.0 107.0 344.0 106.0 329.0 small-vehicle 1
143.0 217.0 143.0 234.0 96.0 239.0 96.0 222.0 small-vehicle 1
1484.0 1027.0 1669.0 1027.0 1669.0 1190.0 1484.0 1190.0 plane 0