2679.0 3861.0 2695.0 3861.0 2695.0 3878.0 2679.0 3878.0 storage-tank 0
2674.0 3840.0 2693.0 3840.0 2693.0 3858.0 2674.0 3858.0 storage-tank 0
2526.0 3503.0 2548.0 3503.0 2548.0 3523.0 2526.0 3523.0 storage-tank 0
2546.0 3500.0 2566.0 3500.0 2566.0 3519.0 2546.0 3519.0 storage-tank 0
2521.0 3483.0 2539.0 3483.0 2539.0 3504.0 2521.0 3504.0 storage-tank 0
2500.0 3489.0 2519.0 3489.0 2519.0 3510.0 2500.0 3510.0 storage-tank 0
2479.0 3496.0 2499.0 3496.0 2499.0 3515.0 2479.0 3515.0 storage-tank 0
1632.0 3640.0 1629.0 3649.0 1599.0 3636.0 1603.0 3627.0 ship 0
838.0 146.0 952.0 126.0 993.0 333.0 878.0 353.0 ground-track-field 0
775.0 139.0 831.0 129.0 853.0 240.0 800.0 251.0 ground-track-field 0
2829.0 2985.0 2829.0 2968.0 2914.0 2973.0 2912.0 2991.0 bridge 0
2947.0 2955.0 2951.0 2930.0 3017.0 2940.0 3014.0 2966.0 bridge 0
2639.0 3105.0 2651.0 3088.0 2696.0 3112.0 2687.0 3130.0 bridge 0
701.0 1229.0 719.0 1225.0 724.0 1256.0 707.0 1261.0 bridge 0
720.0 1219.0 741.0 1215.0 749.0 1259.0 729.0 1263.0 bridge 0
1178.0 3365.0 1197.0 3374.0 970.0 3999.0 950.0 3993.0 bridge 0
544.0 1252.0 590.0 1244.0 606.0 1309.0 559.0 1318.0 bridge 0
132.0 119.0 147.0 110.0 163.0 133.0 147.0 142.0 bridge 0
1786.0 3685.0 1788.0 3668.0 1836.0 3675.0 1834.0 3690.0 ship 0
2540.0 3479.0 2560.0 3479.0 2560.0 3498.0 2540.0 3498.0 storage-tank 0
2535.0 3458.0 2554.0 3458.0 2554.0 3477.0 2535.0 3477.0 storage-tank 0
2556.0 3452.0 2579.0 3452.0 2579.0 3471.0 2556.0 3471.0 storage-tank 0
517.0 3259.0 522.0 3250.0 565.0 3274.0 559.0 3283.0 ship 1
2654.0 3857.0 2673.0 3857.0 2673.0 3874.0 2654.0 3874.0 storage-tank 0
2666.0 3816.0 2689.0 3816.0 2689.0 3837.0 2666.0 3837.0 storage-tank 0
2407.0 3861.0 2413.0 3852.0 2438.0 3872.0 2431.0 3878.0 ship 1
2382.0 3860.0 2388.0 3854.0 2429.0 3879.0 2424.0 3885.0 ship 1
2347.0 3842.0 2343.0 3851.0 2298.0 3830.0 2303.0 3820.0 ship 1
2346.0 3830.0 2341.0 3838.0 2311.0 3824.0 2315.0 3815.0 ship 1
518.0 3246.0 523.0 3236.0 575.0 3267.0 570.0 3278.0 ship 1
368.0 3128.0 376.0 3122.0 406.0 3155.0 398.0 3162.0 ship 1
2563.0 3473.0 2584.0 3473.0 2584.0 3491.0 2563.0 3491.0 storage-tank 0
2723.0 3035.0 2796.0 3003.0 2827.0 3016.0 2748.0 3047.0 bridge 0
155.0 115.0 176.0 110.0 188.0 124.0 168.0 133.0 bridge 0
3594.0 1289.0 3615.0 1286.0 3619.0 1324.0 3597.0 1328.0 basketball-court 0
2610.0 3314.0 2626.0 3314.0 2626.0 3333.0 2610.0 3333.0 storage-tank 0
2630.0 3428.0 2654.0 3428.0 2654.0 3450.0 2630.0 3450.0 storage-tank 0
2632.0 3452.0 2652.0 3452.0 2652.0 3472.0 2632.0 3472.0 storage-tank 0
2630.0 3474.0 2652.0 3474.0 2652.0 3493.0 2630.0 3493.0 storage-tank 0
783.0 3210.0 793.0 3192.0 847.0 3219.0 837.0 3237.0 ship 0