1413.0 463.0 1406.0 478.0 1361.0 458.0 1372.0 441.0 large-vehicle 1
329.0 2291.0 318.0 2310.0 199.0 2245.0 209.0 2224.0 large-vehicle 1
417.0 74.0 426.0 59.0 456.0 75.0 448.0 91.0 small-vehicle 0
594.0 35.0 604.0 19.0 637.0 36.0 630.0 55.0 small-vehicle 0
584.0 49.0 592.0 34.0 627.0 55.0 618.0 73.0 small-vehicle 0
620.0 74.0 607.0 93.0 572.0 69.0 583.0 52.0 small-vehicle 0
582.0 53.0 571.0 71.0 534.0 48.0 546.0 31.0 small-vehicle 0
437.0 19.0 427.0 37.0 395.0 19.0 402.0 7.0 small-vehicle 0
432.0 35.0 440.0 21.0 469.0 37.0 461.0 52.0 small-vehicle 0
423.0 34.0 416.0 50.0 386.0 34.0 393.0 21.0 small-vehicle 0
420.0 54.0 429.0 40.0 467.0 57.0 459.0 74.0 small-vehicle 0
373.0 127.0 366.0 144.0 332.0 122.0 343.0 106.0 small-vehicle 0
387.0 110.0 378.0 123.0 347.0 104.0 354.0 88.0 small-vehicle 0
213.0 130.0 223.0 112.0 259.0 134.0 250.0 149.0 small-vehicle 0
269.0 116.0 262.0 132.0 228.0 112.0 238.0 96.0 small-vehicle 0
277.0 96.0 267.0 112.0 237.0 95.0 245.0 80.0 small-vehicle 0
231.0 94.0 221.0 112.0 188.0 91.0 197.0 75.0 small-vehicle 0
239.0 75.0 229.0 93.0 196.0 73.0 205.0 56.0 small-vehicle 0
320.0 25.0 309.0 43.0 275.0 23.0 287.0 9.0 small-vehicle 0
309.0 44.0 299.0 60.0 266.0 41.0 277.0 24.0 small-vehicle 0
249.0 58.0 243.0 73.0 209.0 57.0 219.0 40.0 small-vehicle 0
116.0 103.0 108.0 121.0 74.0 100.0 81.0 84.0 small-vehicle 0
123.0 81.0 114.0 95.0 81.0 75.0 90.0 61.0 small-vehicle 0
135.0 66.0 126.0 81.0 95.0 61.0 103.0 47.0 small-vehicle 0
144.0 45.0 109.0 27.0 99.0 41.0 136.0 62.0 small-vehicle 0
394.0 90.0 386.0 105.0 357.0 89.0 365.0 72.0 small-vehicle 0
404.0 72.0 395.0 88.0 367.0 72.0 376.0 56.0 small-vehicle 0
418.0 53.0 407.0 69.0 374.0 53.0 384.0 37.0 small-vehicle 0
267.0 20.0 259.0 39.0 226.0 21.0 235.0 4.0 small-vehicle 0
300.0 60.0 289.0 77.0 257.0 59.0 264.0 42.0 small-vehicle 0
2284.0 433.0 2296.0 412.0 2446.0 489.0 2431.0 512.0 large-vehicle 0
399.0 89.0 410.0 73.0 442.0 94.0 432.0 110.0 small-vehicle 0
394.0 112.0 400.0 93.0 436.0 117.0 427.0 130.0 small-vehicle 0
427.0 133.0 416.0 148.0 387.0 128.0 396.0 114.0 small-vehicle 0
205.0 147.0 213.0 134.0 243.0 150.0 235.0 163.0 small-vehicle 0
902.0 209.0 910.0 192.0 954.0 215.0 944.0 232.0 large-vehicle 0
920.0 188.0 927.0 173.0 962.0 189.0 953.0 206.0 large-vehicle 0
826.0 154.0 833.0 136.0 876.0 155.0 872.0 171.0 small-vehicle 0
845.0 127.0 853.0 114.0 890.0 133.0 883.0 148.0 small-vehicle 0
852.0 105.0 862.0 93.0 896.0 111.0 888.0 124.0 small-vehicle 0
763.0 58.0 775.0 39.0 814.0 62.0 805.0 78.0 small-vehicle 0
938.0 53.0 947.0 36.0 985.0 57.0 976.0 72.0 small-vehicle 0
813.0 43.0 808.0 57.0 776.0 40.0 781.0 26.0 small-vehicle 0
733.0 70.0 726.0 84.0 694.0 64.0 704.0 49.0 small-vehicle 0
548.0 30.0 557.0 14.0 594.0 32.0 582.0 51.0 small-vehicle 0
568.0 73.0 558.0 85.0 529.0 67.0 539.0 52.0 small-vehicle 0
185.0 166.0 175.0 180.0 145.0 163.0 154.0 149.0 small-vehicle 0
187.0 190.0 196.0 176.0 223.0 193.0 215.0 207.0 small-vehicle 0
202.0 147.0 192.0 163.0 163.0 148.0 169.0 131.0 small-vehicle 0
419.0 152.0 408.0 168.0 370.0 141.0 380.0 125.0 small-vehicle 0
206.0 130.0 199.0 144.0 169.0 129.0 179.0 113.0 small-vehicle 0
311.0 239.0 302.0 257.0 272.0 238.0 280.0 222.0 small-vehicle 0
309.0 256.0 319.0 239.0 349.0 257.0 341.0 273.0 small-vehicle 0
319.0 234.0 329.0 219.0 362.0 240.0 353.0 254.0 small-vehicle 0
324.0 216.0 313.0 233.0 281.0 216.0 292.0 198.0 small-vehicle 0
337.0 219.0 346.0 203.0 380.0 221.0 369.0 236.0 small-vehicle 0
334.0 201.0 328.0 217.0 294.0 197.0 303.0 182.0 small-vehicle 0
395.0 186.0 384.0 203.0 354.0 185.0 363.0 168.0 small-vehicle 0
339.0 199.0 347.0 182.0 384.0 203.0 377.0 220.0 small-vehicle 0
343.0 181.0 332.0 199.0 298.0 180.0 309.0 164.0 small-vehicle 0
312.0 159.0 320.0 144.0 355.0 162.0 345.0 179.0 small-vehicle 0
323.0 138.0 333.0 123.0 362.0 144.0 353.0 157.0 small-vehicle 0
366.0 167.0 377.0 148.0 407.0 173.0 397.0 187.0 small-vehicle 0
2315.0 1215.0 2339.0 1228.0 2302.0 1307.0 2277.0 1295.0 large-vehicle 0
1796.0 2186.0 1803.0 2156.0 1904.0 2178.0 1898.0 2212.0 large-vehicle 0
2063.0 1554.0 2076.0 1530.0 2212.0 1607.0 2198.0 1628.0 large-vehicle 0
688.0 1911.0 663.0 1913.0 640.0 1769.0 664.0 1763.0 large-vehicle 0
325.0 3000.0 350.0 3016.0 298.0 3112.0 272.0 3099.0 large-vehicle 0
217.0 2909.0 191.0 2896.0 267.0 2758.0 290.0 2775.0 large-vehicle 0
332.0 2743.0 355.0 2756.0 301.0 2876.0 276.0 2861.0 large-vehicle 0
391.0 2723.0 414.0 2738.0 347.0 2874.0 321.0 2859.0 large-vehicle 0
588.0 2718.0 600.0 2696.0 694.0 2746.0 681.0 2773.0 large-vehicle 0
260.0 2767.0 238.0 2754.0 304.0 2620.0 329.0 2631.0 large-vehicle 0
345.0 2635.0 318.0 2623.0 385.0 2497.0 410.0 2509.0 large-vehicle 0
370.0 2521.0 346.0 2507.0 434.0 2384.0 458.0 2403.0 large-vehicle 0
547.0 2337.0 562.0 2310.0 687.0 2387.0 671.0 2415.0 large-vehicle 0
390.0 2393.0 355.0 2365.0 448.0 2290.0 472.0 2321.0 large-vehicle 0
443.0 2276.0 430.0 2302.0 295.0 2236.0 306.0 2207.0 large-vehicle 0
269.0 2197.0 256.0 2217.0 164.0 2156.0 178.0 2130.0 large-vehicle 0
722.0 1911.0 698.0 1914.0 669.0 1773.0 697.0 1765.0 large-vehicle 0
649.0 1863.0 626.0 1865.0 604.0 1733.0 630.0 1727.0 large-vehicle 0
678.0 2399.0 695.0 2360.0 829.0 2413.0 812.0 2449.0 large-vehicle 0
537.0 1873.0 513.0 1873.0 496.0 1725.0 524.0 1721.0 large-vehicle 0
504.0 1587.0 502.0 1560.0 660.0 1544.0 662.0 1574.0 large-vehicle 0
693.0 1098.0 743.0 1091.0 752.0 1243.0 711.0 1241.0 large-vehicle 0
473.0 1160.0 455.0 1180.0 374.0 1118.0 392.0 1096.0 large-vehicle 0
568.0 959.0 607.0 931.0 688.0 1055.0 648.0 1071.0 large-vehicle 0
633.0 958.0 656.0 939.0 720.0 1018.0 696.0 1034.0 large-vehicle 0
452.0 879.0 470.0 853.0 578.0 925.0 559.0 948.0 large-vehicle 0
497.0 868.0 515.0 845.0 629.0 931.0 610.0 952.0 large-vehicle 0
410.0 781.0 423.0 756.0 552.0 833.0 538.0 856.0 large-vehicle 0
537.0 774.0 550.0 754.0 648.0 811.0 635.0 832.0 large-vehicle 0
598.0 767.0 610.0 746.0 732.0 817.0 718.0 841.0 large-vehicle 0
467.0 696.0 480.0 672.0 611.0 747.0 598.0 769.0 large-vehicle 0
577.0 718.0 589.0 696.0 714.0 769.0 702.0 794.0 large-vehicle 0
85.0 3090.0 60.0 3077.0 128.0 2942.0 156.0 2956.0 large-vehicle 0
873.0 2432.0 886.0 2408.0 1011.0 2476.0 996.0 2501.0 large-vehicle 0
1838.0 1448.0 1855.0 1427.0 1955.0 1489.0 1938.0 1511.0 large-vehicle 0
722.0 841.0 735.0 818.0 845.0 886.0 832.0 911.0 large-vehicle 0
2172.0 545.0 2157.0 567.0 2047.0 509.0 2060.0 485.0 large-vehicle 0
1563.0 287.0 1565.0 312.0 1479.0 324.0 1474.0 296.0 large-vehicle 0
1494.0 1255.0 1506.0 1234.0 1619.0 1295.0 1604.0 1319.0 large-vehicle 0
1624.0 1329.0 1638.0 1305.0 1789.0 1392.0 1776.0 1415.0 large-vehicle 0
1459.0 1290.0 1475.0 1265.0 1566.0 1316.0 1551.0 1339.0 large-vehicle 0
1575.0 1407.0 1594.0 1383.0 1718.0 1470.0 1700.0 1492.0 large-vehicle 0
1244.0 2694.0 1281.0 2636.0 1396.0 2740.0 1368.0 2763.0 large-vehicle 0
1101.0 2585.0 1116.0 2560.0 1250.0 2633.0 1234.0 2662.0 large-vehicle 0
937.0 722.0 923.0 702.0 997.0 647.0 1012.0 670.0 large-vehicle 0
1063.0 343.0 1075.0 321.0 1146.0 357.0 1131.0 380.0 large-vehicle 0
1162.0 174.0 1174.0 150.0 1257.0 192.0 1246.0 216.0 large-vehicle 0
572.0 835.0 588.0 809.0 722.0 898.0 704.0 926.0 large-vehicle 0
643.0 835.0 656.0 810.0 803.0 905.0 788.0 927.0 large-vehicle 0
710.0 798.0 723.0 773.0 813.0 825.0 800.0 852.0 large-vehicle 0
880.0 2027.0 841.0 2018.0 868.0 1878.0 902.0 1878.0 large-vehicle 0
820.0 860.0 835.0 836.0 946.0 900.0 928.0 930.0 large-vehicle 0
831.0 913.0 849.0 888.0 933.0 948.0 918.0 972.0 large-vehicle 0
932.0 933.0 947.0 907.0 1053.0 986.0 1032.0 1011.0 large-vehicle 0
707.0 920.0 728.0 903.0 803.0 992.0 783.0 1010.0 large-vehicle 0
780.0 931.0 805.0 916.0 872.0 1004.0 848.0 1020.0 large-vehicle 0
854.0 1025.0 876.0 1003.0 953.0 1073.0 933.0 1095.0 large-vehicle 0
838.0 1067.0 872.0 1037.0 959.0 1167.0 934.0 1184.0 large-vehicle 0
756.0 1036.0 782.0 1025.0 836.0 1159.0 809.0 1166.0 large-vehicle 0
726.0 1068.0 760.0 1058.0 786.0 1212.0 756.0 1217.0 large-vehicle 0
767.0 1233.0 813.0 1233.0 797.0 1384.0 759.0 1376.0 large-vehicle 0
698.0 1410.0 717.0 1376.0 851.0 1444.0 832.0 1474.0 large-vehicle 0
892.0 1562.0 907.0 1535.0 1036.0 1612.0 1018.0 1637.0 large-vehicle 0
876.0 1948.0 832.0 1949.0 824.0 1802.0 864.0 1798.0 large-vehicle 0
740.0 83.0 748.0 71.0 781.0 90.0 772.0 104.0 small-vehicle 0
716.0 119.0 725.0 101.0 764.0 119.0 756.0 139.0 small-vehicle 0
724.0 87.0 717.0 102.0 686.0 81.0 693.0 67.0 small-vehicle 0
416.0 2221.0 445.0 2204.0 524.0 2316.0 498.0 2334.0 large-vehicle 0
92.0 356.0 101.0 342.0 130.0 360.0 122.0 374.0 small-vehicle 0
128.0 383.0 118.0 400.0 79.0 378.0 90.0 363.0 large-vehicle 0
358.0 1001.0 368.0 986.0 406.0 1007.0 399.0 1026.0 small-vehicle 0
395.0 1027.0 386.0 1043.0 348.0 1025.0 355.0 1007.0 small-vehicle 0
336.0 1025.0 319.0 1017.0 338.0 979.0 354.0 986.0 large-vehicle 0
350.0 969.0 358.0 954.0 391.0 973.0 383.0 988.0 small-vehicle 0
391.0 988.0 405.0 976.0 437.0 1008.0 422.0 1023.0 small-vehicle 0
221.0 1386.0 227.0 1370.0 263.0 1388.0 257.0 1407.0 small-vehicle 0
326.0 1486.0 313.0 1504.0 263.0 1470.0 286.0 1448.0 large-vehicle 0
548.0 2812.0 538.0 2834.0 483.0 2803.0 499.0 2782.0 large-vehicle 0
408.0 2577.0 386.0 2562.0 425.0 2502.0 453.0 2521.0 small-vehicle 0
451.0 2534.0 471.0 2544.0 405.0 2673.0 381.0 2659.0 large-vehicle 0
638.0 2383.0 654.0 2431.0 523.0 2485.0 501.0 2435.0 large-vehicle 0
590.0 2205.0 608.0 2213.0 588.0 2251.0 572.0 2241.0 small-vehicle 0
107.0 316.0 116.0 304.0 148.0 321.0 141.0 336.0 small-vehicle 0
650.0 2159.0 669.0 2169.0 646.0 2206.0 626.0 2195.0 small-vehicle 0
567.0 2197.0 583.0 2207.0 565.0 2239.0 550.0 2228.0 small-vehicle 0
661.0 2025.0 648.0 2042.0 606.0 2013.0 621.0 1995.0 small-vehicle 0
829.0 1920.0 797.0 1924.0 777.0 1790.0 809.0 1787.0 large-vehicle 0
793.0 1922.0 764.0 1925.0 735.0 1779.0 771.0 1774.0 large-vehicle 0
758.0 1911.0 732.0 1913.0 717.0 1815.0 743.0 1811.0 large-vehicle 0
564.0 1721.0 591.0 1720.0 609.0 1861.0 583.0 1864.0 large-vehicle 0
670.0 692.0 653.0 698.0 642.0 659.0 659.0 656.0 small-vehicle 0
692.0 686.0 672.0 693.0 662.0 656.0 679.0 651.0 small-vehicle 0
708.0 682.0 691.0 687.0 682.0 652.0 700.0 647.0 small-vehicle 0
729.0 676.0 710.0 682.0 701.0 645.0 719.0 640.0 small-vehicle 0
753.0 673.0 733.0 678.0 724.0 637.0 740.0 632.0 small-vehicle 0
770.0 666.0 752.0 669.0 744.0 629.0 761.0 624.0 small-vehicle 0
98.0 338.0 107.0 322.0 136.0 339.0 126.0 354.0 small-vehicle 0
123.0 298.0 128.0 280.0 162.0 298.0 152.0 316.0 small-vehicle 0
654.0 580.0 657.0 562.0 700.0 568.0 696.0 586.0 small-vehicle 0
1248.0 2018.0 1268.0 2026.0 1229.0 2124.0 1209.0 2115.0 large-vehicle 0
22.0 2346.0 60.0 2338.0 74.0 2478.0 37.0 2481.0 large-vehicle 1
674.0 950.0 690.0 936.0 759.0 1017.0 746.0 1032.0 large-vehicle 1
545.0 854.0 559.0 834.0 678.0 924.0 665.0 941.0 large-vehicle 1
430.0 747.0 438.0 730.0 568.0 802.0 559.0 821.0 large-vehicle 1
111.0 23.0 117.0 10.0 148.0 28.0 142.0 39.0 small-vehicle 1
2375.0 306.0 2365.0 326.0 2273.0 275.0 2285.0 254.0 large-vehicle 0
1923.0 356.0 1932.0 340.0 1962.0 361.0 1953.0 373.0 small-vehicle 0
2025.0 646.0 2042.0 656.0 2020.0 694.0 2003.0 683.0 small-vehicle 0
1979.0 682.0 1959.0 668.0 1985.0 617.0 2010.0 624.0 large-vehicle 0
1991.0 749.0 1972.0 738.0 1996.0 694.0 2016.0 706.0 small-vehicle 0
1936.0 738.0 1920.0 726.0 1943.0 683.0 1960.0 693.0 small-vehicle 0
2003.0 1060.0 1983.0 1046.0 2006.0 1002.0 2029.0 1012.0 large-vehicle 0
1595.0 2919.0 1585.0 2945.0 1449.0 2881.0 1463.0 2853.0 large-vehicle 0
1288.0 1322.0 1299.0 1303.0 1333.0 1325.0 1323.0 1340.0 small-vehicle 0
199.0 449.0 183.0 440.0 204.0 404.0 219.0 413.0 small-vehicle 0
1477.0 1060.0 1470.0 1077.0 1429.0 1054.0 1439.0 1038.0 large-vehicle 0
1443.0 1037.0 1451.0 1020.0 1492.0 1043.0 1482.0 1058.0 small-vehicle 0
1806.0 645.0 1791.0 635.0 1812.0 598.0 1828.0 606.0 small-vehicle 0
1801.0 551.0 1821.0 562.0 1797.0 603.0 1780.0 590.0 small-vehicle 0
1680.0 618.0 1690.0 599.0 1733.0 621.0 1721.0 637.0 small-vehicle 0
1693.0 589.0 1702.0 573.0 1738.0 593.0 1728.0 611.0 small-vehicle 0
1698.0 498.0 1707.0 479.0 1751.0 506.0 1742.0 524.0 large-vehicle 0
1357.0 574.0 1343.0 596.0 1292.0 562.0 1304.0 542.0 large-vehicle 0
1661.0 642.0 1673.0 623.0 1717.0 644.0 1704.0 667.0 large-vehicle 0
1480.0 207.0 1478.0 191.0 1518.0 185.0 1519.0 203.0 small-vehicle 0
1573.0 172.0 1580.0 154.0 1617.0 172.0 1611.0 189.0 small-vehicle 0
112.0 296.0 101.0 315.0 69.0 294.0 77.0 274.0 small-vehicle 0
123.0 276.0 114.0 294.0 85.0 275.0 94.0 256.0 small-vehicle 0
776.0 630.0 785.0 613.0 822.0 637.0 812.0 653.0 small-vehicle 0
687.0 545.0 686.0 528.0 726.0 533.0 723.0 551.0 small-vehicle 0
704.0 125.0 696.0 140.0 660.0 120.0 669.0 105.0 small-vehicle 0
535.0 143.0 546.0 127.0 578.0 146.0 568.0 166.0 small-vehicle 0
356.0 361.0 364.0 345.0 393.0 364.0 385.0 377.0 small-vehicle 0
441.0 336.0 434.0 352.0 400.0 333.0 408.0 316.0 small-vehicle 0
565.0 411.0 574.0 395.0 609.0 416.0 601.0 430.0 small-vehicle 0
500.0 329.0 517.0 338.0 499.0 376.0 481.0 366.0 large-vehicle 0
766.0 256.0 774.0 242.0 806.0 262.0 797.0 275.0 small-vehicle 0
640.0 263.0 649.0 247.0 688.0 270.0 680.0 287.0 large-vehicle 0
652.0 242.0 661.0 229.0 691.0 246.0 684.0 261.0 small-vehicle 0
660.0 219.0 670.0 200.0 708.0 221.0 699.0 238.0 small-vehicle 0
619.0 191.0 631.0 174.0 664.0 196.0 655.0 211.0 small-vehicle 0
643.0 232.0 632.0 253.0 596.0 233.0 606.0 213.0 small-vehicle 0
570.0 288.0 578.0 272.0 614.0 291.0 605.0 305.0 small-vehicle 0
494.0 215.0 503.0 199.0 534.0 219.0 526.0 234.0 small-vehicle 0
503.0 196.0 511.0 180.0 547.0 201.0 538.0 217.0 small-vehicle 0
524.0 162.0 532.0 147.0 566.0 164.0 559.0 179.0 small-vehicle 0
1005.0 336.0 998.0 354.0 964.0 336.0 971.0 319.0 small-vehicle 0
495.0 202.0 487.0 222.0 449.0 198.0 461.0 182.0 small-vehicle 0
459.0 174.0 471.0 157.0 509.0 177.0 499.0 196.0 small-vehicle 0
522.0 161.0 511.0 177.0 475.0 157.0 485.0 142.0 small-vehicle 0
529.0 144.0 519.0 159.0 484.0 138.0 494.0 120.0 small-vehicle 0
538.0 125.0 530.0 141.0 496.0 120.0 507.0 104.0 small-vehicle 0
688.0 178.0 695.0 164.0 730.0 184.0 721.0 197.0 small-vehicle 0
699.0 160.0 707.0 147.0 737.0 165.0 730.0 179.0 small-vehicle 0
705.0 138.0 713.0 124.0 749.0 143.0 739.0 158.0 small-vehicle 0
637.0 152.0 647.0 136.0 684.0 159.0 674.0 175.0 small-vehicle 0
587.0 133.0 604.0 141.0 588.0 180.0 571.0 172.0 small-vehicle 0
586.0 125.0 578.0 142.0 543.0 124.0 553.0 109.0 small-vehicle 0
558.0 91.0 552.0 106.0 519.0 88.0 528.0 72.0 small-vehicle 0
695.0 141.0 684.0 156.0 652.0 138.0 661.0 121.0 small-vehicle 0
988.0 374.0 1006.0 382.0 989.0 418.0 975.0 411.0 small-vehicle 0
1014.0 319.0 1005.0 337.0 972.0 319.0 983.0 302.0 small-vehicle 0
693.0 523.0 699.0 507.0 737.0 513.0 736.0 529.0 small-vehicle 0
1211.0 831.0 1203.0 851.0 1158.0 829.0 1171.0 810.0 small-vehicle 0
877.0 533.0 866.0 549.0 834.0 530.0 844.0 513.0 small-vehicle 0
840.0 962.0 853.0 945.0 963.0 1023.0 946.0 1047.0 large-vehicle 0
788.0 1017.0 809.0 1006.0 872.0 1115.0 841.0 1127.0 large-vehicle 0
974.0 878.0 954.0 869.0 978.0 826.0 997.0 835.0 small-vehicle 0
952.0 869.0 931.0 858.0 956.0 813.0 976.0 825.0 small-vehicle 0
937.0 804.0 955.0 814.0 933.0 853.0 915.0 844.0 small-vehicle 0
913.0 838.0 894.0 827.0 916.0 792.0 934.0 803.0 small-vehicle 0
892.0 834.0 872.0 821.0 896.0 782.0 915.0 791.0 small-vehicle 0
1153.0 936.0 1141.0 961.0 1104.0 938.0 1118.0 917.0 small-vehicle 0
1166.0 918.0 1154.0 936.0 1123.0 915.0 1134.0 899.0 small-vehicle 0
1052.0 924.0 1031.0 914.0 1059.0 873.0 1075.0 883.0 small-vehicle 0
1173.0 897.0 1165.0 915.0 1126.0 891.0 1138.0 874.0 small-vehicle 0
1183.0 878.0 1174.0 893.0 1143.0 874.0 1153.0 858.0 small-vehicle 0
1213.0 800.0 1200.0 819.0 1156.0 788.0 1171.0 771.0 large-vehicle 0
1050.0 296.0 1040.0 316.0 1007.0 297.0 1017.0 279.0 small-vehicle 0
1286.0 702.0 1276.0 719.0 1241.0 697.0 1251.0 681.0 large-vehicle 0
1308.0 661.0 1297.0 678.0 1261.0 655.0 1274.0 639.0 small-vehicle 0
1048.0 514.0 1037.0 533.0 984.0 504.0 997.0 485.0 large-vehicle 0
1325.0 617.0 1314.0 633.0 1279.0 610.0 1290.0 594.0 small-vehicle 0
1385.0 526.0 1373.0 543.0 1337.0 525.0 1348.0 508.0 small-vehicle 0
1191.0 156.0 1200.0 136.0 1244.0 160.0 1235.0 177.0 large-vehicle 0
1219.0 104.0 1229.0 85.0 1264.0 109.0 1253.0 123.0 large-vehicle 0
1178.0 72.0 1165.0 90.0 1128.0 69.0 1143.0 48.0 small-vehicle 0
1162.0 95.0 1151.0 118.0 1115.0 97.0 1130.0 77.0 small-vehicle 0
1126.0 161.0 1118.0 180.0 1084.0 163.0 1096.0 145.0 small-vehicle 0
1118.0 178.0 1105.0 198.0 1074.0 179.0 1085.0 162.0 small-vehicle 0
1072.0 260.0 1060.0 280.0 1029.0 263.0 1041.0 246.0 small-vehicle 0
1060.0 279.0 1050.0 298.0 1019.0 279.0 1027.0 263.0 small-vehicle 0
477.0 658.0 490.0 635.0 579.0 690.0 564.0 712.0 large-vehicle 0